116 149 116 99 184 116 105 172 112 166 28 131 198 136 73 115 44 1 150 153 93 105 21 18 78 113 88 57 41 144 144 200 24 157 126 72 44 78 17 92 176 66 36 154 8 159 177 123 118 182 158 187 176 132 168 103 119 154 142 188 175 100 31 138 170 131 149 14 53 42 150 20 49 95 188 160 184 133 80 117 143 171 66 81 18 20 148 163 0 177 96 69 84 121 2 1 28 30 21 75
64 101 146 31 159 1 150 136 59 87 183 146 37 94 146 158 104 51 183 191 69 32 140 93 104 52 99 14 70 10 188 86 102 47 164 189 49 172 11 182 2 82 163 79 176 106 176 98 114 59 130 11 14 117 64 163 29 71 133 73 74 158 25 19 46 179 167 38 94 80 50 176 98 190 89 189 69 113 139 188 187 174 180 43 35 88 22 30 74 68 33 97 136 3 199 0 162 91 88 162
55 174 154 195 130 187 20 54 106 49 147 42 69 5 38 46 109 43 161 57 198 150 31 158 70 127 35 120 61 66 139 163 20 134 137 160 189 42 146 126 31 40 176 79 174 149 95 84 168 18 85 171 198 129 163 192 27 33 161 57 33 93 34 75 190 100 37 127 63 29 77 86 127 135 198 31 140 63 69 21 180 185 63 112 49 152 106 133 131 126 177 199 144 14 4 16 35 94 3 64
20 111 112 47 106 29 38 22 117 82 32 158 156 80 163 59 152 186 23 20 125 110 139 119 1 104 184 29 198 158 35 141 161 91 43 0 15 53 119 20 198 149 98 108 74 181 69 62 16 49 68 136 114 11 144 76 126 16 8 163 88 122 135 93 54 72 184 42 105 195 165 66 103 75 188 25 197 138 182 15 117 34 131 64 46 32 86 111 113 23 97 91 7 161 5 18 128 191 183 62
43 54 135 55 125 0 93 5 114 16 69 50 62 24 48 30 105 165 129 186 32 114 132 163 27 161 53 121 26 190 175 108 136 52 189 62 91 110 199 113 23 123 120 195 125 6 98 123 190 11 51 68 111 139 3 195 96 103 200 24 146 27 15 39 27 18 161 99 52 121 32 95 186 192 36 88 156 115 192 152 43 171 192 104 117 42 67 169 51 102 108 8 11 6 49 85 55 188 67 41
41 72 35 143 46 6 19 83 55 102 0 130 171 125 9 183 83 156 102 17 50 57 127 24 87 141 0 102 105 31 76 70 64 187 99 2 76 39 110 155 65 28 48 45 171 13 146 120 132 91 10 141 5 1 159 9 98 63 110 118 138 181 142 195 113 97 68 184 187 101 168 137 58 176 153 142 80 123 28 100 140 160 173 162 120 29 38 106 122 164 98 12 9 10 199 135 49 173 19 76
4 134 149 91 96 73 11 87 166 10 172 5 0 9 118 114 10 147 14 108 10 28 144 91 182 188 147 128 27 72 27 194 33 142 200 189 91 199 134 108 161 5 168 51 68 32 91 123 56 168 147 134 172 92 9 123 161 117 180 158 68 113 184 165 17 181 106 89 194 192 66 54 39 200 51 61 104 188 108 69 63 31 5 182 117 167 190 29 50 97 136 95 13 14 21 174 135 118 191 113
87 6 131 66 135 144 80 184 57 64 197 165 70 152 175 12 158 169 10 152 154 139 15 163 195 113 15 37 200 69 48 21 158 4 158 89 100 70 31 193 8 8 163 133 126 158 81 124 5 81 141 138 90 21 55 113 141 107 120 43 87 7 108 24 22 81 143 119 143 187 169 134 185 158 191 109 154 121 109 66 18 54 46 23 161 109 21 92 161 148 163 152 67 27 15 198 132 68 36 114
132 76 20 30 186 1 104 21 43 24 111 53 3 51 142 23 162 149 14 44 59 184 196 94 139 173 18 168 181 122 158 184 99 8 102 0 98 199 178 39 120 152 11 164 60 41 178 135 142 60 200 155 72 50 22 93 45 150 3 119 122 163 169 155 4 38 141 98 45 172 90 28 79 91 174 171 113 43 190 45 152 46 185 138 190 161 85 99 131 105 189 145 70 87 16 59 84 79 173 154
191 176 78 120 161 30 143 7 194 138 72 140 132 98 73 124 91 116 178 93 151 96 32 19 197 167 29 106 143 183 180 4 186 198 5 27 56 112 65 91 64 97 87 129 64 142 190 158 189 159 67 33 88 9 147 83 108 166 120 32 17 132 153 29 176 194 171 199 5 34 80 113 50 21 64 8 165 25 176 169 61 138 184 163 68 71 172 21 124 194 98 150 196 18 17 135 8 157 84 55
28 128 103 88 10 50 4 101 170 160 147 114 53 161 125 129 137 92 107 112 162 190 28 123 57 31 116 164 156 196 19 6 189 106 8 111 183 82 183 164 137 27 37 187 154 23 153 136 98 155 92 99 66 89 28 160 36 121 151 116 6 151 20 71 194 74 143 188 142 86 76 19 123 54 75 185 68 177 198 53 155 97 46 47 107 13 178 85 9 116 167 20 19 162 70 9 25 88 88 191
39 177 48 63 52 163 0 88 126 34 126 124 71 33 18 16 165 108 56 85 22 123 30 150 174 129 159 112 88 31 18 154 14 90 167 97 61 149 164 114 32 167 129 147 197 186 181 33 179 166 15 17 69 130 91 25 156 35 156 53 133 32 192 144 101 147 98 56 21 75 19 62 76 188 67 42 61 66 122 190 11 90 73 53 16 61 120 149 159 22 21 62 191 28 163 164 130 138 167 180
190 24 109 186 53 153 31 45 8 123 112 2 121 189 138 188 140 141 173 106 1 23 109 112 26 16 8 42 114 101 157 83 49 126 99 165 20 25 113 151 98 82 135 104 29 55 147 0 56 189 51 178 127 116 135 135 131 125 188 117 116 114 176 160 180 43 120 24 125 21 77 76 200 125 44 133 45 15 81 44 191 52 149 107 190 26 86 174 46 43 23 131 74 51 45 172 4 151 15 38
128 80 1 16 183 147 54 24 86 5 29 27 140 42 195 148 189 91 170 161 32 116 188 23 20 108 66 100 117 158 128 92 155 87 165 198 98 60 43 135 131 152 163 55 113 35 126 153 153 139 162 69 28 6 61 149 98 41 89 117 150 115 113 157 120 75 130 21 36 79 78 76 189 20 3 0 54 196 51 49 73 198 195 61 197 50 105 3 39 2 24 129 100 135 176 28 138 67 122 17
20 13 184 105 59 169 3 155 111 199 192 191 102 144 35 119 165 160 6 143 120 145 172 122 6 77 152 183 0 52 56 115 197 125 173 177 3 110 35 112 188 129 126 3 148 184 122 141 11 77 169 190 130 23 124 142 159 122 121 120 118 112 111 98 18 67 51 26 81 80 177 75 66 2 1 4 54 72 42 149 123 143 102 124 181 192 144 43 30 29 25 26 91 67 126 155 103 117 40 46
72 38 18 72 106 38 46 113 135 26 70 152 149 73 16 95 74 121 150 169 87 168 14 110 131 12 191 64 199 193 30 189 78 79 151 43 68 142 91 115 164 7 80 142 15 163 81 125 81 73 191 126 105 63 194 117 46 167 123 124 119 108 109 110 137 156 59 82 83 84 85 24 74 33 60 7 5 6 37 54 122 50 118 72 64 2 182 32 31 28 27 30 71 11 190 161 158 5 198 151
142 2 88 169 173 188 5 119 156 149 105 87 67 27 108 149 24 102 124 65 77 57 158 77 39 86 173 128 12 50 142 51 35 164 147 125 125 116 26 66 176 122 61 47 30 158 70 118 0 43 140 198 98 37 84 165 159 137 125 164 14 109 107 144 164 177 155 57 87 86 78 73 17 56 8 11 6 24 153 156 193 170 33 140 115 160 33 10 23 167 169 156 152 98 8 153 22 160 110 141
111 64 85 115 169 82 77 167 31 179 79 83 157 160 95 47 166 46 109 104 159 151 14 71 51 158 79 148 142 110 113 90 43 114 17 5 113 123 59 138 33 109 123 100 151 176 43 22 55 42 104 63 146 83 128 21 169 82 56 126 110 106 78 176 140 91 89 88 158 175 160 72 107 102 10 9 196 134 120 199 200 165 44 45 199 43 63 34 191 28 146 10 96 152 170 80 30 184 50 146
115 122 30 142 50 42 101 2 3 139 143 135 120 174 75 183 139 181 121 163 187 73 44 85 95 135 109 81 117 86 68 76 67 167 106 144 120 92 15 46 72 155 67 78 195 13 73 135 190 114 153 159 100 51 1 161 54 27 18 127 105 53 54 47 167 92 90 54 93 10 71 70 124 86 8 91 58 15 87 74 48 49 46 43 197 64 194 152 35 29 56 4 142 39 131 64 18 88 95 194
191 69 44 197 105 144 53 1 127 9 190 73 197 110 181 113 103 80 17 30 31 6 14 23 157 168 171 94 90 25 179 138 176 93 25 171 40 11 66 49 179 68 85 35 154 109 141 128 138 15 50 65 194 18 183 175 179 144 132 104 128 130 100 98 90 39 93 123 129 8 47 68 69 142 163 59 56 57 174 39 50 47 42 77 15 69 37 36 17 54 181 156 69 47 10 70 68 24 50 88
120 87 94 25 75 60 0 185 136 67 118 29 19 5 10 61 64 148 167 30 178 65 108 6 113 9 20 97 133 154 75 82 105 200 185 172 66 19 190 107 176 95 191 67 97 30 151 184 157 93 197 178 5 159 160 110 160 112 133 103 129 101 99 97 96 94 36 0 102 71 109 106 67 62 61 60 41 55 54 156 52 51 72 41 172 39 38 117 71 89 61 67 10 4 40 123 37 7 140 106
141 184 12 13 77 97 44 53 98 58 181 141 89 161 142 4 125 78 44 189 132 69 36 0 33 178 86 175 27 38 159 160 197 76 175 52 150 172 182 11 57 123 49 36 146 7 29 170 39 124 3 97 192 108 48 165 48 195 148 102 102 100 98 177 142 95 114 104 40 45 181 66 65 64 63 67 29 15 54 53 19 196 52 53 40 96 180 168 42 53 141 92 158 77 97 143 97 38 131 134
150 20 11 10 8 19 7 86 72 159 148 45 92 165 15 78 104 74 151 197 29 107 153 139 57 157 37 3 199 158 17 139 69 106 102 174 174 76 38 129 189 135 68 61 195 99 126 151 41 126 40 175 37 72 189 168 43 26 104 103 101 86 99 92 78 36 142 186 6 160 166 65 171 102 159 146 192 137 112 41 146 23 115 55 54 106 18 3 159 172 48 27 81 13 30 78 58 55 47 7
173 147 58 9 7 169 4 67 85 138 131 138 6 54 177 50 191 0 12 146 155 9 164 153 132 134 198 98 184 113 123 1 151 198 1 187 16 27 198 2 54 166 187 109 147 55 84 147 87 51 149 82 156 13 38 152 95 106 105 127 5 154 89 93 164 199 61 92 178 124 26 199 184 37 70 177 47 0 159 105 94 16 56 73 18 103 63 62 166 130 124 189 43 4 117 104 124 151 87 58
93 114 118 44 6 5 104 3 98 1 25 115 169 21 113 139 150 58 61 54 66 63 97 124 35 144 127 197 140 12 14 104 96 93 60 166 97 14 107 81 146 87 185 199 25 113 115 89 90 7 7 91 93 38 75 139 100 106 107 106 1 16 119 184 20 140 26 130 155 114 56 0 97 63 103 40 103 165 73 2 191 132 84 57 198 63 61 64 65 117 80 1 12 124 146 44 51 1 180 199
52 176 61 76 127 79 40 36 2 195 0 163 119 84 60 104 16 68 35 57 49 62 61 190 11 69 28 129 144 90 37 197 2 122 193 1 72 40 114 170 73 99 135 162 83 65 134 3 87 143 140 11 105 96 36 137 20 108 127 124 107 108 109 57 25 117 47 99 10 49 62 67 62 138 99 71 120 49 107 180 143 67 3 4 58 60 71 70 66 130 128 71 67 160 51 108 99 23 160 126
16 161 110 31 19 192 79 20 61 73 108 173 84 183 20 148 151 200 82 2 168 86 98 29 96 97 7 190 116 105 123 3 115 152 174 114 13 75 114 14 124 154 2 23 63 34 190 110 79 68 64 82 136 11 114 172 78 110 109 110 109 165 114 188 147 21 59 194 0 16 97 1 33 26 84 112 59 119 102 126 179 180 75 74 59 72 194 69 68 67 121 164 198 72 96 135 6 126 154 193
2 185 15 88 81 19 61 141 159 55 122 41 170 88 65 13 185 75 103 89 97 43 107 193 58 80 49 85 32 127 129 157 82 37 28 196 99 79 30 142 109 104 42 96 198 198 189 93 47 75 105 162 106 1 100 35 60 111 113 111 20 105 180 62 157 112 16 38 148 57 7 0 2 62 152 85 195 138 156 81 81 76 101 33 73 10 75 2 73 165 164 101 116 103 166 144 188 6 56 139
104 161 26 4 187 124 159 136 126 68 8 146 175 186 74 53 79 177 56 100 176 78 20 128 50 191 32 111 177 188 79 107 45 127 101 75 84 196 127 4 142 142 37 108 140 41 122 65 178 72 116 163 58 188 127 143 33 165 112 114 112 113 131 115 80 20 16 117 88 6 152 4 3 23 166 74 129 85 83 82 77 78 74 41 141 151 84 11 90 128 163 11 190 195 76 84 27 102 173 86
130 28 161 113 99 90 191 95 110 28 60 126 141 152 25 30 136 25 52 85 158 62 117 92 105 117 35 24 81 191 94 43 31 43 118 54 127 145 180 123 168 143 137 55 133 182 155 124 7 124 69 35 97 60 193 153 32 180 115 116 96 39 114 58 116 164 14 13 7 71 5 120 139 77 87 99 124 84 86 81 80 79 153 37 121 58 105 76 90 50 130 0 99 14 197 55 114 148 193 192
62 122 161 189 178 22 197 93 27 40 83 51 144 8 16 84 174 13 180 195 23 57 178 7 0 124 188 193 1 75 114 65 47 48 135 167 149 62 75 69 11 117 97 173 177 159 119 41 50 181 102 90 65 156 160 31 54 118 117 21 77 183 118 117 59 15 12 8 9 147 149 80 46 81 92 39 191 129 87 182 48 126 160 49 28 143 24 4 54 172 47 169 31 196 74 108 109 180 164 56
33 10 125 163 125 162 181 104 9 152 88 100 75 6 49 110 58 30 189 68 52 114 162 44 127 105 111 135 171 21 5 159 129 77 136 193 196 184 36 187 12 39 97 73 125 93 77 93 124 0 34 73 194 89 62 179 119 192 188 197 127 119 122 121 16 116 11 10 74 4 29 66 176 55 101 62 6 34 176 88 168 66 86 106 154 30 29 198 129 40 116 76 190 144 199 135 109 31 62 31
20 22 104 39 116 75 8 148 13 6 187 197 39 165 43 62 146 118 27 72 164 95 88 158 95 195 73 105 135 189 92 45 66 196 186 197 140 1 54 179 34 4 17 18 64 17 2 86 60 22 87 199 186 24 15 124 18 120 43 88 127 124 120 123 17 18 39 184 182 188 156 185 115 164 94 57 84 14 70 10 89 90 77 197 136 35 35 144 4 149 4 200 146 81 177 43 101 123 93 120
24 13 195 135 177 84 190 17 43 35 6 70 148 110 80 181 168 185 179 167 10 196 178 78 141 59 54 63 120 89 48 178 184 178 175 51 35 106 152 32 118 173 71 20 95 38 0 180 6 110 139 55 45 20 30 29 28 121 122 99 126 55 124 20 19 122 104 121 159 173 136 182 54 135 60 145 187 42 157 107 91 27 188 89 196 196 84 77 9 168 200 145 120 115 100 4 24 29 46 137
185 138 36 6 139 26 188 160 127 136 139 6 21 176 26 12 144 182 175 14 93 67 45 19 22 105 131 41 133 36 103 113 173 5 146 54 62 56 26 174 165 180 37 181 16 128 163 193 2 3 0 6 90 31 30 29 27 123 128 127 17 125 23 22 21 194 63 126 157 65 199 134 32 92 155 134 110 35 131 4 92 144 191 119 53 48 8 170 102 46 111 181 76 7 103 49 3 147 154 179
182 54 122 59 128 117 152 118 182 191 182 11 114 145 179 76 61 25 153 82 177 150 100 175 137 176 135 57 65 124 133 4 160 172 126 97 39 99 46 156 79 60 77 151 140 5 4 0 1 152 39 38 32 127 172 31 26 28 29 26 25 24 13 41 81 80 21 183 99 65 93 54 61 90 124 32 91 195 25 93 94 60 44 23 124 23 166 0 86 148 46 54 12 110 85 38 57 187 101 107
117 66 97 130 186 186 37 116 168 140 168 82 26 1 53 130 119 123 53 122 142 151 114 134 137 151 37 194 63 166 99 165 200 38 177 72 116 174 12 12 11 47 29 7 6 37 3 2 41 40 39 33 37 99 32 34 71 25 27 30 31 25 26 193 177 74 15 14 19 44 179 162 28 67 101 173 167 97 96 95 156 93 5 13 146 147 165 26 88 32 188 34 190 136 117 22 59 154 63 73
31 88 61 193 115 71 31 115 7 187 30 55 52 168 98 147 180 152 171 85 123 0 101 23 61 8 91 25 13 102 175 28 134 135 69 151 105 14 13 16 137 10 9 8 195 4 7 42 9 61 40 191 84 36 35 33 138 86 24 23 29 28 27 127 22 16 13 12 127 183 9 8 183 134 0 1 98 86 91 161 184 187 98 33 29 66 50 176 67 36 130 73 173 175 165 25 88 188 129 77
177 85 72 179 30 20 12 78 190 133 150 76 176 85 157 30 184 25 103 27 40 19 119 200 195 138 39 108 171 192 14 189 116 134 83 9 159 43 15 18 17 50 49 48 50 6 5 43 148 157 41 198 37 149 9 22 192 62 24 30 22 29 28 18 17 120 165 79 11 10 146 7 98 91 3 2 182 99 113 179 11 29 42 52 5 67 137 178 168 198 60 158 10 145 117 173 118 158 182 81
103 166 109 2 128 14 58 117 8 177 115 154 190 32 72 40 168 173 162 62 50 96 193 141 13 104 144 0 0 4 6 144 52 10 127 147 168 125 19 74 51 52 102 179 47 45 44 155 94 36 42 61 98 143 46 50 156 33 32 25 30 21 123 19 175 53 6 146 30 146 56 171 6 4 177 108 12 185 48 54 72 171 76 70 50 136 31 42 40 76 167 56 34 136 182 125 98 44 99 192
77 62 179 52 174 186 37 91 152 138 120 129 136 44 162 127 57 19 20 42 12 124 40 116 142 3 4 1 5 1 3 107 22 171 40 101 21 20 23 24 50 54 53 196 191 46 145 15 168 49 41 43 44 195 1 191 20 34 37 31 188 35 20 114 103 102 146 139 80 19 131 45 5 52 8 115 189 197 140 162 64 131 104 119 127 67 41 115 7 159 54 34 160 89 157 186 98 138 154 102
155 67 179 69 72 115 177 102 107 114 88 10 34 1 91 12 18 14 15 184 18 55 137 7 9 5 2 6 31 85 2 43 88 152 80 12 3 22 25 26 28 55 58 68 176 70 43 173 180 85 121 46 45 51 132 64 35 36 1 56 199 9 18 40 15 16 28 80 177 79 162 54 6 187 104 21 138 135 124 91 197 62 95 59 16 164 35 29 143 166 198 179 97 89 160 114 101 17 127 0
66 88 68 193 70 124 193 167 57 65 24 14 184 187 6 119 17 16 13 12 11 168 9 8 6 198 7 116 89 45 44 42 41 40 36 35 83 76 71 29 27 56 57 64 130 144 60 159 153 48 47 44 2 17 197 139 158 12 172 123 96 40 59 18 24 17 150 169 139 75 133 7 95 198 36 19 74 17 18 115 57 30 23 147 127 147 45 180 61 20 104 154 114 36 12 24 75 197 5 20
65 57 72 71 38 196 109 101 169 68 177 32 30 150 26 79 186 84 158 183 147 10 65 150 89 8 147 50 7 46 145 67 39 38 37 150 34 117 127 31 30 10 176 190 33 126 51 127 197 49 196 158 126 67 49 79 94 74 44 52 24 77 180 198 36 159 139 62 66 100 47 138 8 9 26 78 193 8 24 77 59 160 191 16 33 99 157 160 195 191 138 169 126 52 144 70 51 2 175 30
76 64 74 73 101 149 157 88 29 94 165 88 18 192 33 61 129 97 9 191 36 159 65 12 11 9 126 196 53 52 47 124 4 8 199 58 80 33 32 148 132 10 188 138 3 137 54 53 52 51 50 116 9 23 126 134 124 68 54 4 188 154 179 190 169 189 25 26 16 17 164 159 11 10 62 27 127 60 121 170 115 91 105 57 30 168 153 154 145 185 51 102 79 188 17 25 42 127 178 82
63 75 119 15 56 55 53 51 166 81 35 150 88 68 196 33 154 194 61 145 16 181 13 11 10 83 198 54 51 3 185 48 189 14 135 132 68 47 22 131 196 49 58 60 56 55 3 129 56 51 87 158 69 135 165 11 52 73 98 41 127 68 142 6 61 24 23 19 18 16 13 12 11 18 19 85 177 61 17 61 49 83 106 75 95 0 61 112 9 68 92 57 3 177 169 167 144 45 1 79
62 61 58 57 37 54 52 10 50 114 32 180 63 123 92 167 102 137 0 96 23 16 15 14 104 36 88 144 55 50 49 124 4 143 34 1 190 14 42 47 68 94 59 57 147 68 88 54 53 52 116 5 172 47 136 63 185 67 123 132 85 173 31 121 152 189 20 22 15 14 118 136 17 12 13 181 5 111 138 189 83 163 142 75 139 135 155 10 69 57 126 200 35 147 35 16 188 159 57 197
60 59 63 90 98 147 53 142 49 48 47 55 166 185 88 130 181 41 163 198 103 17 186 12 55 14 186 56 59 190 70 151 150 23 32 197 149 147 73 76 56 169 142 199 124 67 55 56 196 29 46 55 50 54 167 44 132 113 139 43 35 130 6 160 159 100 78 21 59 126 81 101 23 16 15 14 191 103 194 77 105 31 108 58 2 23 181 3 11 154 37 55 91 40 24 172 31 51 163 67
35 128 168 163 83 152 93 5 163 45 46 145 175 148 196 62 110 177 131 53 8 9 18 103 39 141 60 57 58 93 123 73 38 34 179 36 73 27 21 195 183 31 62 139 21 60 59 58 57 29 143 111 183 61 22 58 32 101 41 129 154 70 110 50 10 152 93 5 151 176 187 29 166 114 190 132 180 20 17 150 19 195 40 30 37 12 39 122 128 106 10 44 179 138 43 41 152 84 68 110
173 165 109 152 37 1 179 103 119 116 44 43 85 183 186 46 49 18 39 160 143 5 19 20 197 23 138 184 56 172 191 12 31 150 57 149 14 34 130 9 18 145 64 44 62 61 10 102 120 71 125 177 91 17 39 10 94 9 178 54 194 117 34 113 166 123 6 3 72 145 200 16 43 180 145 71 50 162 87 55 21 7 17 23 133 192 167 159 54 130 142 186 110 124 6 19 43 18 61 50
87 76 4 155 61 153 102 26 123 101 93 42 41 110 99 35 34 33 12 91 23 22 21 34 185 171 142 122 64 67 141 72 178 17 45 16 168 152 27 132 103 158 124 49 4 63 64 189 113 36 33 173 174 84 24 119 128 66 185 66 0 144 129 13 42 186 134 134 19 161 187 193 154 55 40 153 26 43 126 176 112 97 109 128 122 98 148 157 129 6 95 57 149 178 11 116 45 135 11 39
171 153 176 34 147 200 78 108 132 72 87 100 123 40 39 36 77 32 31 25 24 23 79 34 29 14 145 106 178 137 26 168 6 121 174 15 117 71 21 12 183 196 164 189 66 65 121 119 193 7 61 86 17 115 41 14 77 183 111 77 150 45 89 182 13 83 55 101 67 20 169 33 143 54 194 27 183 65 131 150 113 52 118 181 131 16 158 97 23 109 142 99 46 113 101 8 16 95 195 13
193 61 185 53 55 70 141 115 22 97 174 125 59 165 37 38 76 29 30 27 26 176 162 32 54 120 99 174 14 69 87 91 94 154 146 55 116 192 169 97 14 98 69 68 67 34 103 142 146 115 193 163 106 55 184 58 76 105 20 10 49 134 171 9 27 5 153 33 11 156 53 36 168 1 42 132 194 127 165 109 11 146 39 122 137 44 25 29 188 97 23 146 97 179 29 92 2 150 8 85
0 152 190 5 8 11 40 146 133 53 17 52 26 165 173 51 130 40 28 24 162 56 135 117 103 43 21 108 173 74 199 91 176 140 99 105 8 38 138 76 77 70 71 53 141 74 145 3 164 173 49 82 183 112 99 166 188 93 158 157 145 65 20 88 85 173 66 95 151 49 127 93 36 25 138 127 146 99 1 56 22 63 170 106 27 36 136 49 171 88 126 75 101 12 34 19 143 188 57 96
123 58 156 187 193 187 7 142 43 118 0 183 59 107 176 36 110 140 50 169 12 141 148 159 200 149 55 144 29 42 24 49 96 112 93 41 184 33 181 75 74 72 73 72 111 45 162 165 51 50 56 131 167 100 5 32 31 35 98 140 65 136 82 21 24 93 18 163 18 48 180 112 148 10 110 12 9 162 109 125 52 162 113 20 189 190 93 87 141 134 54 150 97 45 13 53 79 166 144 5
99 6 32 77 187 163 7 166 169 153 127 10 93 45 85 96 200 70 162 190 122 72 54 35 197 58 9 136 61 67 44 135 156 9 89 59 48 172 107 106 126 73 114 123 196 149 93 130 69 176 78 118 106 22 88 149 121 165 34 183 79 175 9 196 130 41 12 95 162 175 174 4 47 27 167 56 10 0 46 53 180 117 155 149 82 66 56 150 123 107 188 80 163 11 184 42 51 39 58 158
163 6 54 5 77 191 20 132 93 118 198 114 85 199 187 200 119 109 72 73 195 42 45 101 12 37 199 149 33 110 135 54 194 44 153 197 121 194 159 153 44 65 183 52 20 162 164 160 164 94 132 56 107 41 33 106 193 114 83 21 151 177 175 20 126 164 137 115 191 194 197 123 166 117 108 152 86 8 92 111 19 99 198 173 2 148 192 169 148 58 128 36 89 11 21 149 171 127 200 169
2 175 38 143 196 71 5 114 20 163 35 196 88 49 117 101 46 6 89 142 139 154 0 55 138 197 56 109 76 140 106 78 136 194 177 50 103 61 183 13 135 36 65 67 109 22 122 178 199 47 84 111 136 164 156 50 54 200 27 156 119 141 197 62 17 103 22 31 178 153 149 198 176 29 149 102 120 95 28 168 169 143 100 84 130 16 166 69 187 176 66 51 64 153 22 192 73 161 193 73
36 187 129 88 67 159 65 78 47 104 137 42 38 123 62 60 3 76 40 118 43 117 132 22 86 74 104 169 113 22 112 112 94 176 95 132 122 199 10 131 72 121 123 55 24 95 58 65 147 109 195 143 179 64 186 104 146 72 125 135 16 118 156 42 46 61 70 43 57 182 83 103 179 131 132 200 195 75 85 74 130 196 163 93 150 132 134 111 129 117 67 103 157 147 48 21 58 25 17 149
111 73 144 54 3 105 20 117 95 29 42 0 66 169 127 162 63 166 175 172 112 154 195 117 3 168 124 142 158 164 114 103 27 56 64 23 116 36 103 90 0 29 9 76 158 73 181 94 84 62 178 191 109 127 150 66 102 5 19 171 48 82 184 24 101 78 121 88 115 153 150 53 101 176 77 113 148 166 26 138 93 187 174 137 46 99 59 66 131 122 194 120 162 108 3 177 108 41 197 136
197 120 1 21 63 179 197 178 11 186 26 105 133 10 116 154 165 153 41 132 177 26 200 101 104 3 59 192 148 81 187 54 73 100 87 12 166 63 14 116 94 22 180 54 97 13 47 68 68 23 161 61 164 160 35 61 106 4 197 30 142 1 119 167 111 2 43 31 60 9 88 103 30 180 198 69 109 180 108 37 15 155 42 84 118 189 146 115 15 52 116 156 123 77 18 194 96 182 42 159
105 129 114 135 57 33 136 105 160 132 12 177 149 30 88 199 83 183 60 16 28 21 184 185 28 78 33 86 122 73 58 98 50 37 183 102 42 143 13 184 174 28 112 21 112 65 107 177 190 99 139 33 150 38 146 26 183 162 161 95 93 40 115 100 104 147 121 12 1 128 37 90 193 79 137 84 74 119 156 64 24 120 183 1 115 119 123 95 86 73 83 178 148 33 51 28 95 37 121 134
115 31 125 2 31 177 58 57 190 93 128 4 199 128 36 126 86 32 164 119 102 0 3 38 196 24 129 32 79 43 71 162 197 68 166 79 4 75 135 5 37 37 181 116 150 2 160 34 141 144 58 25 29 189 183 9 170 169 140 14 36 121 87 154 119 72 82 121 49 48 114 170 127 148 163 168 57 198 121 199 171 190 64 160 80 140 111 114 123 80 83 122 78 163 137 118 143 35 61 43
116 53 146 108 145 156 195 136 79 46 134 23 150 56 14 27 128 195 91 112 84 103 19 183 77 189 9 121 104 195 16 131 136 123 16 69 73 67 57 31 193 69 32 107 44 25 43 125 124 4 123 12 67 75 195 29 99 33 87 176 94 81 6 87 45 40 102 133 63 20 172 78 96 198 90 22 121 119 62 164 97 84 129 157 156 159 20 105 32 101 145 149 95 111 34 157 42 9 54 129
45 17 100 57 53 188 29 54 197 57 193 105 86 23 57 104 95 42 190 165 70 108 132 143 109 197 153 200 25 62 127 91 117 136 97 97 188 48 30 129 73 47 157 157 5 91 4 33 90 13 32 84 56 199 82 8 8 166 4 93 121 89 125 53 89 17 164 10 27 135 57 169 130 26 22 53 113 75 28 140 26 141 52 151 62 75 39 28 180 1 7 196 117 193 14 11 11 111 5 64
88 39 44 133 22 128 27 15 67 64 20 68 199 40 189 55 130 148 64 82 166 1 167 37 8 198 8 172 195 62 179 50 152 125 109 20 112 97 41 190 74 187 117 157 139 94 94 100 17 105 162 46 7 118 25 87 179 143 10 194 180 171 174 120 127 61 44 125 50 33 178 51 147 85 92 196 102 54 137 153 147 91 115 31 180 71 103 150 76 70 34 95 184 195 117 138 8 24 41 37
192 166 36 175 36 73 166 51 75 106 54 193 76 127 78 144 173 132 90 114 172 24 93 173 0 145 57 162 120 178 131 198 183 142 115 184 99 163 134 166 156 30 95 140 171 51 102 197 180 175 176 16 49 35 48 93 15 13 129 155 158 183 36 179 40 166 6 10 88 64 167 134 195 153 103 139 123 48 86 6 122 9 63 149 155 113 54 63 183 112 111 75 112 72 170 58 101 122 14 18
60 55 58 106 34 103 150 59 46 191 89 41 29 200 74 54 87 166 23 182 57 78 161 192 96 42 120 16 29 50 76 198 1 82 66 39 63 170 0 58 108 2 177 103 30 35 7 83 190 17 53 195 187 110 70 140 187 124 19 82 200 154 187 94 82 21 48 130 2 107 139 28 32 26 167 167 83 29 200 57 103 193 161 20 156 32 17 95 90 113 13 81 46 105 187 172 98 144 84 46
71 108 121 53 95 184 180 149 29 139 112 151 129 101 92 160 91 152 198 189 22 68 175 22 124 165 187 115 83 166 155 26 12 60 89 185 38 34 47 196 10 87 15 112 48 94 63 26 198 112 14 74 179 70 51 190 43 200 15 144 56 2 147 200 59 200 50 51 26 95 84 59 14 136 17 21 89 80 96 111 86 33 19 189 169 182 76 117 184 35 128 67 139 15 89 23 92 104 167 96
132 181 60 115 81 132 54 187 19 38 85 36 126 103 89 144 3 109 125 7 91 43 152 26 182 104 185 176 20 196 59 18 110 31 19 132 72 99 147 17 93 40 200 166 175 184 92 189 115 182 111 99 56 184 169 166 197 198 143 37 28 200 40 23 37 145 144 166 93 169 67 19 72 37 47 143 150 33 89 55 198 164 106 32 157 197 193 181 112 139 194 183 116 24 76 109 117 190 133 162
175 91 107 8 138 7 121 24 32 45 2 176 106 174 108 38 25 112 90 43 96 43 181 53 41 169 158 194 18 181 31 153 151 28 195 155 178 86 90 26 54 183 197 41 196 57 144 149 2 60 147 73 172 139 13 57 162 166 34 9 54 63 28 130 16 108 182 85 111 61 70 56 89 148 19 72 33 176 0 89 83 97 8 176 36 40 100 87 161 89 170 144 118 27 58 160 82 29 33 57
181 36 0 123 90 146 44 197 90 77 76 169 101 139 106 20 151 127 149 53 8 53 87 29 10 93 78 95 192 80 77 14 128 6 170 52 127 76 82 165 198 8 17 123 28 154 58 9 146 58 22 148 57 115 147 176 144 69 74 134 152 149 56 4 102 22 12 11 128 16 87 151 131 177 45 175 18 75 90 43 6 7 79 51 166 57 78 53 39 125 30 137 177 85 87 68 96 32 2 41
121 139 35 160 172 65 162 17 182 90 71 88 5 182 57 5 75 157 21 124 138 103 41 168 52 105 173 162 171 36 88 179 145 188 127 121 172 147 47 105 40 167 53 183 75 54 23 103 142 79 183 145 26 184 4 140 179 88 71 124 0 67 58 143 52 186 25 73 183 29 3 29 76 19 40 27 168 4 65 27 193 132 21 114 67 1 22 153 154 118 74 124 114 161 56 127 72 25 162 191
107 178 18 179 36 4 186 46 99 58 99 144 9 16 155 27 23 5 171 171 121 174 115 90 77 24 139 61 90 44 0 145 177 143 90 193 59 106 142 1 113 35 140 49 88 2 84 119 21 95 118 161 29 42 19 22 160 1 133 38 165 89 9 98 78 195 172 4 73 60 182 60 2 127 50 125 137 162 116 26 46 62 199 160 4 29 137 60 105 100 60 175 162 86 4 189 77 63 87 96
55 140 48 166 38 128 43 126 15 29 28 31 124 115 36 159 80 121 105 198 160 49 135 100 71 5 7 49 99 23 21 6 95 132 198 7 13 15 36 23 109 91 174 144 114 84 145 20 90 90 171 27 72 45 180 111 45 90 68 89 30 23 114 8 100 139 31 44 89 53 114 199 153 39 30 182 18 69 151 37 140 149 106 189 96 108 135 195 67 119 26 36 199 81 139 110 139 5 121 129
103 102 76 15 51 64 163 197 58 140 92 185 63 175 56 158 184 170 189 17 75 66 77 56 198 159 91 32 74 176 61 19 37 158 55 98 46 16 152 19 138 58 121 172 104 126 13 104 130 181 30 40 131 65 50 117 154 37 25 105 17 58 18 87 135 150 34 43 48 177 26 19 79 95 167 193 26 174 12 86 63 50 143 144 182 82 147 98 112 129 24 135 82 176 200 50 76 20 42 159
129 30 29 186 165 140 59 159 22 176 15 76 125 159 63 166 11 98 177 51 21 24 111 85 155 78 23 50 145 42 155 154 42 192 1 59 143 102 24 14 146 130 132 94 115 81 28 66 177 19 50 32 43 176 7 115 123 180 194 126 156 104 137 179 183 127 130 195 96 82 84 100 70 181 193 152 153 32 177 49 6 163 39 198 131 62 88 5 88 36 158 80 169 174 32 128 168 25 97 57
73 42 125 3 162 196 44 14 141 25 77 184 74 71 55 61 13 52 147 40 197 46 178 4 139 197 54 72 54 177 160 74 56 199 105 26 77 186 183 136 173 177 71 59 92 14 126 140 88 132 108 136 85 33 72 97 51 107 139 144 132 22 190 136 97 151 164 10 16 161 187 109 130 66 170 170 121 3 39 2 188 56 90 6 182 143 66 115 90 167 139 107 94 110 101 164 6 160 72 106
150 35 198 114 80 187 52 179 156 106 65 17 53 99 100 148 79 199 87 22 14 179 134 155 188 131 118 192 167 53 81 122 98 33 33 173 123 191 22 29 117 194 95 76 106 118 11 22 32 144 174 37 92 75 107 19 179 119 136 75 1 149 41 170 97 182 200 181 32 174 141 200 10 121 121 59 181 126 43 59 145 117 10 19 153 95 92 61 89 166 45 46 180 44 21 101 14 160 26 178
180 74 109 106 98 196 181 75 56 134 131 39 65 152 68 168 37 153 106 99 134 176 83 20 36 150 153 161 194 53 83 28 167 52 56 134 164 193 156 134 82 134 137 50 93 127 4 168 79 143 88 127 115 123 143 75 175 130 160 152 110 187 51 147 37 8 167 26 156 84 135 123 7 126 0 163 148 1 4 70 75 63 21 64 4 155 151 168 26 95 155 86 178 127 1 154 119 127 117 161
99 103 77 39 114 129 12 101 191 64 129 66 80 96 66 180 62 116 45 133 186 38 63 65 106 73 83 165 75 145 130 113 23 144 97 87 106 15 25 0 94 195 84 7 102 124 53 187 144 138 130 119 33 182 31 78 34 33 175 5 24 160 98 179 188 165 107 101 138 79 4 141 188 22 21 172 137 85 171 120 112 187 147 89 50 54 197 47 171 5 49 15 3 36 111 69 131 105 42 10
155 76 58 130 127 1 99 141 169 26 73 121 157 193 4 88 53 57 18 129 18 18 27 80 42 83 12 192 153 178 127 60 154 171 6 116 6 23 184 73 24 55 146 45 138 30 142 181 45 159 170 164 171 147 133 192 93 126 6 184 85 191 73 185 157 47 89 190 87 91 43 14 43 54 139 126 115 96 141 82 75 135 145 36 112 124 43 142 62 188 183 151 149 192 50 10 3 33 45 117
120 136 86 83 41 68 58 165 34 118 72 94 115 71 10 48 157 34 136 160 158 182 46 171 54 74 141 176 38 57 139 89 46 169 84 174 95 91 54 148 153 109 87 120 124 102 24 170 89 78 138 6 108 13 51 198 24 60 102 24 58 22 120 121 23 164 116 116 50 159 66 69 160 178 145 65 152 185 61 124 117 173 155 40 180 26 13 78 90 159 103 58 107 8 7 53 37 148 36 14
174 119 124 182 102 187 82 42 192 100 44 5 45 166 189 168 126 135 49 90 174 170 19 122 66 160 112 40 190 46 49 69 126 32 192 38 99 50 90 159 196 13 29 43 104 119 117 86 94 116 17 33 79 8 125 142 2 166 2 130 102 167 165 200 137 45 24 61 38 88 145 193 20 105 4 98 42 106 192 175 126 168 183 180 157 5 60 94 50 72 133 44 180 100 168 166 169 10 76 156
178 8 195 112 58 162 12 179 91 195 148 86 45 175 28 15 171 63 36 98 45 88 60 128 111 9 155 105 153 58 71 158 177 163 32 131 126 0 20 34 76 56 134 86 17 115 150 17 102 188 56 162 73 56 93 40 102 5 116 29 48 48 139 133 57 153 60 17 59 57 57 75 7 159 113 158 53 127 118 146 101 147 30 191 23 172 191 65 80 83 99 168 58 69 143 22 6 8 129 0
83 67 164 47 150 75 110 173 182 50 152 68 2 4 16 163 180 94 183 164 119 18 158 164 79 151 119 102 189 36 194 137 176 153 89 78 88 74 94 43 130 162 2 116 70 43 194 142 85 88 95 176 43 131 35 42 60 165 55 49 197 62 144 102 109 2 100 4 77 144 175 124 26 180 62 81 200 179 25 197 179 15 67 86 32 91 143 99 152 34 81 197 72 119 43 161 122 183 41 14
137 182 107 49 56 51 57 62 51 33 145 178 135 148 188 75 5 144 51 66 94 126 175 32 194 103 127 47 104 68 63 178 108 11 171 124 67 122 129 106 161 115 119 108 94 82 172 138 30 134 111 12 72 127 63 12 180 192 41 32 79 125 23 73 117 61 18 166 168 49 48 27 161 72 57 160 80 35 33 181 160 180 125 173 62 29 35 128 180 38 125 75 172 186 146 26 124 30 131 81
65 165 197 156 76 75 40 65 88 119 37 79 8 67 105 176 79 39 169 168 133 179 123 181 49 136 105 58 152 74 18 97 197 181 14 31 156 178 30 200 51 45 106 29 153 32 113 117 60 10 142 182 167 77 15 36 128 174 81 127 170 28 64 53 96 50 180 58 108 170 125 157 189 84 14 45 19 191 104 183 30 119 91 137 121 129 29 56 37 71 84 50 36 184 54 12 189 15 151 39
132 101 12 20 153 125 165 8 151 1 129 195 130 135 200 77 17 71 139 10 141 103 150 53 162 170 59 156 42 101 0 145 1 164 137 146 84 163 169 181 200 14 73 100 187 44 78 75 112 167 183 84 182 103 191 163 125 23 182 184 183 22 155 124 66 7 82 105 168 119 109 26 0 18 176 37 66 191 131 155 75 35 14 16 60 164 37 106 127 156 32 77 78 36 30 45 160 109 192 133
136 137 148 33 118 6 50 14 145 111 91 185 186 97 56 121 59 12 147 67 171 190 74 30 50 85 103 39 112 89 50 99 9 94 192 61 197 148 98 80 61 168 126 39 181 48 60 105 5 50 113 156 62 56 11 186 152 168 149 197 194 121 118 104 190 133 115 24 13 177 135 176 193 7 192 182 195 190 154 84 116 67 169 42 168 54 187 59 62 45 32 2 3 5 52 150 167 167 142 166
153 7 105 192 111 75 34 177 83 69 96 64 41 192 136 138 127 161 87 124 65 106 100 82 97 25 79 3 54 94 176 74 40 119 91 28 100 56 47 140 115 163 157 27 37 125 28 181 63 4 187 128 194 150 47 148 19 192 7 105 193 82 174 166 77 134 190 31 12 22 4 154 136 11 195 47 91 183 60 77 53 192 122 188 75 69 113 124 17 176 145 76 134 103 197 90 129 139 75 182
103 50 173 153 123 102 115 22 109 186 148 175 71 29 124 110 140 175 157 51 82 32 24 9 60 102 37 115 33 102 68 6 88 110 144 143 56 170 28 103 32 82 29 37 59 119 8 101 182 190 188 120 142 119 149 175 33 58 145 181 188 156 139 81 179 122 22 11 197 162 172 125 88 36 86 185 187 142 49 97 5 134 164 91 42 1 86 31 39 83 86 81 146 132 36 123 76 3 149 135
41 36 60 112 120 3 61 28 32 165 200 17 30 59 46 158 36 97 146 84 152 170 68 30 104 29 71 1 79 50 180 134 105 35 121 183 60 72 137 181 166 77 36 104 194 163 102 167 84 136 167 30 5 99 129 20 1 20 161 153 26 32 32 45 98 178 155 27 46 127 36 22 124 26 35 86 107 93 78 0 96 193 194 142 12 133 144 68 115 137 76 195 129 68 92 140 72 90 95 76
58 47 96 89 169 15 160 148 117 188 165 178 124 196 116 66 111 71 165 27 61 19 185 86 139 56 50 160 94 77 46 151 29 93 158 49 27 192 6 17 23 80 34 17 144 178 0 7 49 4 38 153 183 7 79 35 153 37 168 140 75 15 43 181 151 139 77 136 141 106 175 70 17 24 11 140 182 114 52 2 30 139 50 13 11 117 131 2 1 45 102 124 152 121 133 11 135 43 170 123
27 40 43 187 116 94 30 43 107 53 188 191 41 107 144 47 166 94 147 44 2 52 40 180 25 167 23 173 127 13 92 52 16 27 132 92 92 67 137 50 37 128 187 152 48 118 60 55 96 111 183 41 190 156 196 121 5 107 15 89 93 193 164 64 22 141 85 15 107 96 65 61 43 26 109 78 152 177 169 164 78 16 15 14 10 126 118 109 3 0 3 137 61 140 117 157 44 46 73 18
80 2 117 147 25 65 10 92 115 10 53 18 107 113 65 7 174 136 40 133 94 156 174 24 148 103 136 102 60 104 120 1 85 162 151 134 47 162 190 50 52 7 176 6 58 72 194 105 161 171 5 80 158 52 25 167 81 23 35 171 45 56 36 78 90 48 197 131 196 31 5 59 98 85 110 62 16 3 0 54 69 17 186 9 24 125 6 4 3 184 181 5 7 200 165 70 196 51 115 27
41 117 66 128 52 46 36 193 171 123 138 164 88 16 31 104 125 130 41 44 75 59 87 5 87 188 53 18 17 48 151 106 132 14 2 97 10 118 25 173 181 191 32 121 26 90 20 26 132 97 134 51 51 72 106 50 19 57 186 110 93 26 168 137 33 167 56 20 173 101 64 172 60 20 97 115 101 95 111 27 183 5 18 20 8 7 136 5 115 111 53 133 184 149 85 53 94 60 20 33
138 47 111 143 125 61 5 85 71 73 151 82 182 15 48 30 57 109 57 116 136 13 172 180 35 25 63 188 189 35 41 50 148 54 112 68 109 86 17 160 97 44 6 56 132 40 36 155 128 126 157 73 90 73 16 53 73 97 90 115 88 64 80 29 69 78 38 169 104 23 1 2 194 176 93 65 106 38 28 53 30 22 21 19 130 113 19 54 166 170 7 138 29 136 93 3 111 162 43 33
171 116 144 199 155 59 110 32 87 93 69 85 133 73 72 189 142 158 22 25 117 112 11 148 193 21 4 160 38 116 150 155 71 110 110 109 108 45 191 190 11 142 108 174 66 199 38 190 29 120 49 168 156 125 3 10 182 186 100 186 98 172 19 132 128 119 160 189 138 194 181 101 148 80 153 91 16 27 173 29 31 23 23 24 26 7 160 65 3 87 60 86 66 69 200 189 200 39 26 120
3 138 145 131 176 162 70 166 96 160 11 74 170 108 12 118 1 89 21 76 91 156 72 7 84 102 65 94 36 28 159 39 40 80 29 49 179 170 36 83 43 149 71 91 82 136 106 29 190 77 84 157 93 101 125 118 27 162 69 6 61 44 143 150 69 165 60 71 141 86 140 172 143 162 19 78 55 143 26 25 24 26 25 77 147 174 127 129 141 103 46 110 166 120 14 124 68 178 118 147
